2 1
3 1
4 1
5 1
6 1
7 1
8 1
9 1
10 1
11 1
12 1
13 1
12 1
11 1
10 1
9 1
8 1
7 1
6 1
7 1
8 1
9 1
9 2
9 3
9 4
9 5
9 6
9 7
9 8
10 8
10 7
11 7
12 7
13 7
14 7
15 7
15 6
15 7
14 7
13 7
12 7
11 7
10 7
9 7
8 7
8 8
8 9
8 10
9 10
10 10
10 11
11 11
12 11
13 11
13 12
13 13
13 14
14 14
15 14
16 14
16 15
16 16
16 17
16 18
16 19
16 18
16 17
15 17
15 16
14 16
13 16
13 15
13 14
14 14
15 14
16 14
16 15
17 15
17 16
18 16
19 16
20 16
21 16
22 16
23 16
23 17
24 17
25 17
24 17
23 17
23 16
23 15
23 14
23 13
24 13
25 13
26 13
25 13
25 12
25 11
25 10
25 9
25 8
25 7
25 6
25 5
25 4
25 3
26 3
26 4
26 5
26 6
25 6
24 6
23 6
23 5
23 4
23 3
23 2
24 2
25 2
26 2
26 3
26 4
26 5
26 6
27 6
28 6
29 6
29 5
29 4
29 3
29 2
28 2
27 2
26 2
26 3
26 4
26 5
26 6
27 6
28 6
29 6
30 6
31 6
32 6
33 6
34 6
35 6
36 6
37 6
37 7
37 8
37 9
37 10
37 11
37 12
37 13
37 14
38 14
39 14
40 14
40 15
40 16
40 17
